    1.1013
    1.1014
    1.1014
    1.1015
    1.1015
    1.1016
    1.1016
    1.1017
    1.1017
    1.1018
    1.1018
    1.1019
    1.1019
    1.1020
    1.1020
    1.1021
    1.1022
    1.1022
    1.1023
    1.1024
    1.1024
    1.1025
    1.1026
    1.1027
    1.1028
    1.1028
    1.1029
    1.1030
    1.1031
    1.1032
    1.1033
    1.1034
    1.1035
    1.1036
    1.1037
    1.1038
    1.1039
    1.1040
    1.1041
    1.1043
    1.1044
    1.1045
    1.1046
    1.1048
    1.1049
    1.1050
    1.1052
    1.1053
    1.1055
    1.1056
    1.1058
    1.1060
    1.1061
    1.1063
    1.1065
    1.1066
    1.1068
    1.1070
    1.1072
    1.1074
    1.1076
    1.1078
    1.1080
    1.1083
    1.1085
    1.1087
    1.1089
    1.1092
    1.1094
    1.1097
    1.1099
    1.1102
    1.1105
    1.1108
    1.1111
    1.1113
    1.1116
    1.1119
    1.1123
    1.1126
    1.1129
    1.1132
    1.1136
    1.1139
    1.1143
    1.1147
    1.1151
    1.1154
    1.1158
    1.1162
    1.1166
    1.1171
    1.1175
    1.1179
    1.1184
    1.1189
    1.1193
    1.1198
    1.1203
    1.1208
    1.1213
    1.1219
    1.1224
    1.1229
    1.1235
    1.1241
    1.1247
    1.1253
    1.1259
    1.1265
    1.1272
    1.1278
    1.1285
    1.1292
    1.1299
    1.1306
    1.1313
    1.1320
    1.1328
    1.1336
    1.1343
    1.1352
    1.1360
    1.1368
    1.1377
    1.1385
    1.1394
    1.1403
    1.1413
    1.1422
    1.1432
    1.1442
    1.1452
    1.1462
    1.1472
    1.1483
    1.1494
    1.1505
    1.1516
    1.1528
    1.1539
    1.1551
    1.1563
    1.1576
    1.1589
    1.1601
    1.1615
    1.1628
    1.1642
    1.1656
    1.1670
    1.1684
    1.1699
    1.1714
    1.1729
    1.1745
    1.1760
    1.1776
    1.1793
    1.1810
    1.1827
    1.1844
    1.1861
    1.1879
    1.1898
    1.1916
    1.1935
    1.1954
    1.1974
    1.1994
    1.2014
    1.2035
    1.2056
    1.2077
    1.2099
    1.2121
    1.2143
    1.2166
    1.2189
    1.2213
    1.2237
    1.2261
    1.2286
    1.2311
    1.2337
    1.2363
    1.2390
    1.2417
    1.2444
    1.2472
    1.2500
    1.2529
    1.2558
    1.2588
    1.2618
    1.2648
    1.2679
    1.2711
    1.2743
    1.2776
    1.2809
    1.2842
    1.2876
    1.2911
    1.2946
    1.2982
    1.3018
    1.3055
    1.3092
    1.3130
    1.3169
    1.3208
    1.3247
    1.3288
    1.3328
    1.3370
    1.3412
    1.3454
    1.3498
    1.3541
    1.3586
    1.3631
    1.3677
    1.3723
    1.3770
    1.3817
    1.3866
    1.3915
    1.3964
    1.4014
    1.4065
    1.4117
    1.4169
    1.4222
    1.4276
    1.4330
    1.4386
    1.4441
    1.4498
    1.4555
    1.4613
    1.4672
    1.4731
    1.4791
    1.4852
    1.4914
    1.4976
    1.5040
    1.5103
    1.5168
    1.5233
    1.5300
    1.5367
    1.5434
    1.5503
    1.5572
    1.5642
    1.5713
    1.5784
    1.5857
    1.5930
    1.6004
    1.6078
    1.6154
    1.6230
    1.6307
    1.6385
    1.6463
    1.6542
    1.6622
    1.6703
    1.6785
    1.6867
    1.6950
    1.7034
    1.7118
    1.7204
    1.7290
    1.7376
    1.7464
    1.7552
    1.7641
    1.7730
    1.7821
    1.7911
    1.8003
    1.8095
    1.8188
    1.8282
    1.8376
    1.8470
    1.8566
    1.8661
    1.8758
    1.8855
    1.8952
    1.9050
    1.9149
    1.9248
    1.9347
    1.9447
    1.9547
    1.9648
    1.9749
    1.9850
    1.9952
    2.0054
    2.0156
    2.0259
    2.0361
    2.0464
    2.0567
    2.0670
    2.0774
    2.0877
    2.0980
    2.1084
    2.1187
    2.1290
    2.1393
    2.1496
    2.1599
    2.1701
    2.1804
    2.1905
    2.2007
    2.2108
    2.2209
    2.2309
    2.2409
    2.2508
    2.2607
    2.2704
    2.2801
    2.2898
    2.2993
    2.3088
    2.3182
    2.3274
    2.3366
    2.3457
    2.3546
    2.3635
    2.3722
    2.3807
    2.3892
    2.3975
    2.4056
    2.4136
    2.4215
    2.4291
    2.4366
    2.4440
    2.4511
    2.4581
    2.4648
    2.4714
    2.4777
    2.4839
    2.4898
    2.4955
    2.5010
    2.5063
    2.5113
    2.5160
    2.5205
    2.5248
    2.5288
    2.5325
    2.5360
    2.5391
    2.5420
    2.5447
    2.5470
    2.5490
    2.5507
    2.5522
    2.5533
    2.5541
    2.5546
    2.5547
    2.5546
    2.5541
    2.5533
    2.5521
    2.5506
    2.5488
    2.5466
    2.5441
    2.5413
    2.5381
    2.5346
    2.5307
    2.5265
    2.5219
    2.5169
    2.5116
    2.5060
    2.5000
    2.4937
    2.4870
    2.4800
    2.4726
    2.4649
    2.4569
    2.4485
    2.4397
    2.4307
    2.4213
    2.4116
    2.4015
    2.3912
    2.3805
    2.3695
    2.3582
    2.3466
    2.3348
    2.3226
    2.3101
    2.2974
    2.2844
    2.2711
    2.2576
    2.2438
    2.2298
    2.2156
    2.2011
    2.1864
    2.1714
    2.1563
    2.1410
    2.1255
    2.1098
    2.0939
    2.0779
    2.0617
    2.0454
    2.0290
    2.0124
    1.9957
    1.9789
    1.9620
    1.9450
    1.9279
    1.9107
    1.8935
    1.8763
    1.8590
    1.8416
    1.8243
    1.8069
    1.7895
    1.7722
    1.7548
    1.7375
    1.7202
    1.7029
    1.6857
    1.6686
    1.6515
    1.6345
    1.6176
    1.6008
    1.5841
    1.5675
    1.5510
    1.5346
    1.5184
    1.5023
    1.4863
    1.4705
    1.4549
    1.4394
    1.4241
    1.4090
    1.3941
    1.3793
    1.3648
    1.3505
    1.3363
    1.3224
    1.3087
    1.2953
    1.2820
    1.2690
    1.2563
    1.2437
    1.2315
    1.2194
    1.2076
    1.1961
    1.1849
    1.1739
    1.1631
    1.1527
    1.1425
    1.1325
    1.1229
    1.1135
    1.1044
    1.0956
    1.0871
    1.0789
    1.0709
    1.0632
    1.0559
    1.0488
    1.0420
    1.0355
    1.0292
    1.0233
    1.0177
    1.0124
    1.0073
    1.0026
    0.9981
    0.9939
    0.9901
    0.9865
    0.9832
    0.9802
    0.9775
    0.9751
    0.9730
    0.9712
    0.9697
    0.9684
    0.9675
    0.9668
    0.9665
    0.9664
    0.9665
    0.9670
    0.9678
    0.9688
    0.9701
    0.9717
    0.9735
    0.9757
    0.9781
    0.9807
    0.9836
    0.9868
    0.9903
    0.9940
    0.9979
    1.0021
    1.0066
    1.0113
    1.0162
    1.0214
    1.0268
    1.0324
    1.0383
    1.0444
    1.0507
    1.0572
    1.0639
    1.0708
    1.0780
    1.0853
    1.0928
    1.1005
    1.1084
    1.1164
    1.1246
    1.1330
    1.1415
    1.1502
    1.1591
    1.1680
    1.1771
    1.1864
    1.1957
    1.2052
    1.2147
    1.2244
    1.2342
    1.2440
    1.2539
    1.2639
    1.2740
    1.2841
    1.2943
    1.3045
    1.3148
    1.3251
    1.3354
    1.3457
    1.3560
    1.3664
    1.3767
    1.3870
    1.3973
    1.4076
    1.4178
    1.4280
    1.4382
    1.4482
    1.4583
    1.4682
    1.4781
    1.4879
    1.4977
    1.5073
    1.5168
    1.5263
    1.5356
    1.5448
    1.5539
    1.5628
    1.5717
    1.5803
    1.5889
    1.5973
    1.6055
    1.6136
    1.6216
    1.6293
    1.6370
    1.6444
    1.6517
    1.6587
    1.6657
    1.6724
    1.6789
    1.6853
    1.6914
    1.6974
    1.7032
    1.7088
    1.7142
    1.7193
    1.7243
    1.7291
    1.7337
    1.7381
    1.7423
    1.7463
    1.7500
    1.7536
    1.7570
    1.7602
    1.7631
    1.7659
    1.7685
    1.7709
    1.7731
    1.7750
    1.7768
    1.7784
    1.7798
    1.7811
    1.7821
    1.7829
    1.7836
    1.7841
    1.7844
    1.7845
    1.7845
    1.7843
    1.7839
    1.7833
    1.7826
    1.7817
    1.7807
    1.7795
    1.7782
    1.7767
    1.7751
    1.7733
    1.7714
    1.7693
    1.7672
    1.7648
    1.7624
    1.7599
    1.7572
    1.7544
    1.7515
    1.7485
    1.7453
    1.7421
    1.7388
    1.7354
    1.7319
    1.7282
    1.7246
    1.7208
    1.7169
    1.7130
    1.7090
    1.7049
    1.7007
    1.6965
    1.6922
    1.6879
    1.6835
    1.6791
    1.6746
    1.6700
    1.6654
    1.6608
    1.6561
    1.6514
    1.6466
    1.6418
    1.6370
    1.6322
    1.6273
    1.6224
    1.6175
    1.6126
    1.6076
    1.6026
    1.5977
    1.5927
    1.5877
    1.5827
    1.5777
    1.5727
    1.5676
    1.5626
    1.5576
    1.5526
    1.5476
    1.5426
    1.5376
    1.5327
    1.5277
    1.5227
    1.5178
    1.5129
    1.5080
    1.5031
    1.4982
    1.4934
    1.4885
    1.4837
    1.4789
    1.4742
    1.4694
    1.4647
    1.4600
    1.4554
    1.4508
    1.4462
    1.4416
    1.4370
    1.4325
    1.4281
    1.4236
    1.4192
    1.4148
    1.4105
    1.4062
    1.4019
    1.3976
    1.3934
    1.3893
    1.3851
    1.3810
    1.3769
    1.3729
    1.3689
    1.3650
    1.3611
    1.3572
    1.3533
    1.3495
    1.3458
    1.3420
    1.3384
    1.3347
    1.3311
    1.3275
    1.3240
    1.3205
    1.3170
    1.3136
    1.3102
    1.3069
    1.3036
    1.3003
    1.2971
    1.2939
    1.2908
    1.2876
    1.2846
    1.2815
    1.2785
    1.2756
    1.2726
    1.2697
    1.2669
    1.2641
    1.2613
    1.2585
    1.2558
    1.2531
    1.2505
    1.2479
    1.2453
    1.2428
    1.2403
    1.2378
    1.2354
    1.2330
    1.2306
    1.2283
    1.2260
    1.2238
    1.2215
    1.2193
    1.2172
    1.2150
    1.2129
    1.2108
    1.2088
    1.2068
    1.2048
    1.2028
    1.2009
    1.1990
    1.1972
    1.1953
    1.1935
    1.1917
    1.1900
    1.1883
    1.1866
    1.1849
    1.1833
    1.1816
    1.1801
    1.1785
    1.1769
    1.1754
    1.1739
    1.1725
    1.1710
    1.1696
    1.1682
    1.1669
    1.1655
    1.1642
    1.1629
    1.1616
    1.1604
    1.1591
    1.1579
    1.1567
    1.1555
    1.1544
    1.1533
    1.1521
    1.1511
    1.1500
    1.1489
    1.1479
    1.1469
    1.1459
    1.1449
    1.1440
    1.1430
    1.1421
    1.1412
    1.1403
    1.1394
    1.1386
    1.1377
    1.1369
    1.1361
    1.1353
    1.1345
    1.1337
    1.1330
    1.1323
    1.1315
    1.1308
    1.1301
    1.1295
    1.1288
    1.1281
    1.1275
    1.1269
    1.1263
    1.1257
    1.1251
    1.1245
    1.1239
    1.1234
    1.1228
    1.1223
    1.1218
    1.1213
    1.1208
    1.1203
    1.1198
    1.1193
    1.1189
    1.1184
    1.1180
    1.1175
    1.1171
    1.1167
    1.1163
    1.1159
    1.1155
    1.1151
    1.1148
    1.1144
    1.1140
    1.1137
    1.1134
    1.1130
    1.1127
    1.1124
    1.1121
    1.1118
    1.1115
    1.1112
    1.1109
    1.1106
    1.1104
    1.1101
    1.1098
    1.1096
    1.1093
    1.1091
    1.1089
    1.1086
    1.1084
    1.1082
    1.1080
    1.1078
    1.1076
    1.1074
    1.1072
    1.1070
    1.1068
    1.1066
    1.1065
    1.1063
    1.1061
    1.1059
    1.1058
    1.1056
    1.1055
    1.1053
    1.1052
    1.1050
    1.1049
    1.1048
    1.1046
    1.1045
    1.1044
    1.1043
    1.1042
    1.1040
    1.1039
    1.1038
    1.1037
    1.1036
    1.1035
    1.1034
    1.1033
    1.1032
    1.1031
    1.1030
    1.1030
    1.1029
    1.1028
    1.1027
    1.1026
    1.1026
    1.1025
    1.1024
    1.1023
    1.1023
    1.1022
    1.1021
    1.1021
    1.1020
    1.1020
    1.1019
    1.1018
    1.1018
    1.1017
    1.1017
    1.1016
    1.1016
    1.1015
    1.1015
    1.1014
    1.1014
    1.1014
    1.1013
    1.1013
    1.1012